228,5
228,4
228,3
228,1
21,3
21,2
21,1
21,0
20,3
20,2
20,1
19,2
14,9
12,3
19,1
12,2
19,3
12,1
11,3
11,2
11,1
10,3
10,2
18,1
10,1
9,3
18,3
9,2
9,1
8,3
8,2
8,1
7,13
7,12
7,11
7,10
7,9
7,8
14,1
7,7
7,6
14,5
7,5
7,4
14,3
7,1
6,6
6,5
13,1
6,4
13,3
6,1
4,87
4,86
4,85
4,84
4,83
4,82
4,81
4,80
4,79
4,78
4,77
4,76
4,75
4,74
4,73
4,72
4,71
4,70
4,69
4,1
3,3
3,2
3,1
2,3
2,2
2,1
0,476
0,9
0,0
244,34
244,33
244,32
244,31
244,30
244,29
244,28
244,27
244,26
244,25
244,24
244,23
244,22
244,21
244,20
244,19
244,18
244,17
244,16
244,15
244,14
244,13
244,12
